1358452347 284645
1358452614 284645
1358452702 569292
1358452729 569292
1358457284 569388
1358457536 569414
1358457564 569344
1358543041 569354
1358543227 569354
1358543812 569359
1358555919 569389
1358556864 569413
1358560193 569428
1358560215 569457
1358563851 569455
1358567401 569470
1358568397 569492
1358568909 569453
1358571657 569456
1358573517 569459
1358574034 569494
1358577698 569450
1358577708 569419
1358582402 569413
1358582772 569453
1358593179 569500
1358623465 569496
1358645065 569467
1358645080 569535
1358645812 569645
1358705776 569675
1358708130 569711
1358805653 570042
1358805661 570735
1358808641 571036
1358816091 571412
1358817646 571502
1358819806 571683
1358830226 571712
1358966494 571734
1358986717 571887
1358993983 571892
1358994920 571992
1359013395 571988
1359013710 572079
1359015091 572079
1359058118 572261
1359059337 572262
1359059706 572270
1359059880 572271
1359060446 572282
1359065752 572360
1359066675 572385
1359069850 572388
1359070061 572388
1359071939 572392
1359073239 572391
1359074401 572404
1359076410 572426
1359078527 572440
1359082630 572478
1359084545 572554
1359087967 572561
1359098155 572560
1359143988 572563
1359407948 572898
1359411711 572898
1359417426 572925
1359417573 572764
1359418118 572774
1359494219 572766
1359669496 572940
1359756149 572963
1359762719 572994
1360107125 573098
1360107158 573443
1360111058 573531
1360127515 573531
1360127936 582010
1360127992 740157
1360210757 773835
1360210770 808529
1360214101 808535
1361336845 906445
1361337427 891116
1361386042 891179
1361386178 891179
1361396154 891213
1361403443 891234
1361404977 891257
1361821953 891442
1361821976 891687
1361822859 891710
1361823823 891786
1361829741 891785
1361836397 891831
1361837581 891832
1361837985 891848
1361839513 891852
1361842900 891860
1361915655 891868
1361916345 891871
1361921352 891870
1361921716 891870
1361932985 891901
1361934079 891908
1361948036 891972
1362002651 892169
1362015125 892193
1362015136 892336
1362022092 892356
1362022783 892357
1362028894 892416
1362028899 892481
1362037377 892501
1362076639 892288
1362076749 892288
1362078048 892333
1362350041 892443
1362420224 892451
1362424188 892464
1362429535 892349
1362438571 892379
1362526067 892451
1362622557 892568
1362622636 892694
1362690578 892694
1362782094 892732
1363035830 892082
1363036319 891657
1363042034 891688
1363045177 891709
1363050785 959071
1363050801 1026535
1363208241 1102052
1363208510 1177657
1363209093 1177636
1363209466 1177649
1363225536 1177690
1363329686 1177881
1363330255 1177956
1363330353 1178155
1363332766 1178184
1363382518 1178287
1363382532 1178453
1363387289 1178491
1363389640 1178434
1363733928 1178716
1363737659 1178747
1363740884 1178779
1363740905 1178796
1363741358 1178796
1363750806 1178815
1363750824 1178837
1363756791 1178799
1363767907 1178826
1363767917 1178962
1363808971 1178960
1363809005 1178994
1363810289 1179000
1363810590 1179034
1363811328 1179032
1363812107 1179018
1363812584 1179018
1363816073 1179145
1363816094 1179291
1363816901 1179292
1363840318 1179233
1363850702 1179193
1363850733 1179210
1363851147 1179306
1363851224 1179306
1363851533 1179301
1363853558 1179335
1363895341 1179260
1363895709 1179304
1363895812 1179363
1363898201 1179368
1363899187 1179379
1363900164 1179393
1364022630 1192023
1364022997 1205337
1364028674 1195426
1364146490 1195773
1364146857 1193181
1364148044 1193201
1364150202 1191267
1364150361 1193202
1364154723 1193338
1364154746 1193474
1364179153 1193494
1364256742 1193448
1364256803 1193519
1364360331 1193562
1364360345 1193646
1364363783 1195308
1364364085 1194734
1364366451 696508
1364378582 697444
1364400835 697448
1364400843 697606
1364402753 696691
1364402759 695790
1364403048 695789
1364403687 695793
1364403977 695805
1364404469 695814
1364408231 696449
1364409567 696460
1364410243 696545
1364412470 696540
1364412482 696536
1364413289 696566
1364786535 696566
1364793578 696567
